0 0.348791 0.295123 0.116358 0.333521
0 0.691119 0.302270 0.119730 0.309698
0 0.803260 0.295123 0.111298 0.323992
0 0.918775 0.296314 0.102867 0.321609
0 0.230748 0.669143 0.116358 0.314462
0 0.464306 0.673907 0.114671 0.328756
0 0.577291 0.676290 0.118044 0.333521
0 0.690275 0.678672 0.111298 0.319227
0 0.801574 0.681054 0.114671 0.338285
0 0.915402 0.684628 0.116358 0.345432
1 0.228218 0.311799 0.128162 0.357344
1 0.465149 0.308226 0.112985 0.345432
1 0.573075 0.305843 0.109612 0.345432
1 0.336144 0.666760 0.101180 0.343050