0 0.298581 0.091435 0.135242 0.081019
0 0.107855 0.212963 0.169920 0.097222
0 0.132996 0.377315 0.126573 0.060185
0 0.141665 0.714120 0.130041 0.081019
0 0.629752 0.444444 0.142178 0.092593
1 0.100052 0.053241 0.168186 0.087963
1 0.303783 0.179398 0.152581 0.094907
1 0.299448 0.278935 0.147380 0.104167
1 0.299448 0.379630 0.150847 0.097222
1 0.298581 0.493056 0.145646 0.106481
1 0.298581 0.587963 0.149113 0.083333
1 0.301182 0.688657 0.150847 0.099537
1 0.302049 0.791667 0.162984 0.111111
1 0.296847 0.895833 0.159517 0.097222
1 0.139932 0.795139 0.143912 0.122685
1 0.131262 0.291667 0.168186 0.083333
1 0.141665 0.472222 0.147380 0.111111
1 0.137331 0.613426 0.159517 0.125000
1 0.148601 0.890046 0.150847 0.104167
1 0.297714 0.972222 0.161251 0.046296
1 0.638421 0.062500 0.156049 0.087963
1 0.643623 0.148148 0.159517 0.101852
1 0.642756 0.238426 0.143912 0.097222
1 0.634086 0.346065 0.147380 0.076389
1 0.634086 0.542824 0.150847 0.122685
1 0.637554 0.642361 0.161251 0.118056
1 0.645357 0.739583 0.162984 0.094907
1 0.647091 0.863426 0.152581 0.106481
1 0.647091 0.960648 0.166452 0.078704
1 0.786668 0.062500 0.140444 0.097222
1 0.796204 0.178241 0.145646 0.129630
1 0.791869 0.304398 0.161251 0.113426
1 0.792736 0.414352 0.169920 0.097222
1 0.795337 0.500000 0.154315 0.092593
1 0.797071 0.594907 0.168186 0.097222
1 0.802272 0.678241 0.168186 0.092593
1 0.803139 0.784722 0.162984 0.097222
1 0.804873 0.875000 0.156049 0.092593
1 0.810942 0.957176 0.154315 0.076389