0 0.266161 0.335883 0.177066 0.099374
0 0.244238 0.883944 0.187184 0.159600
0 0.530073 0.097988 0.158516 0.087328
0 0.539348 0.448808 0.170320 0.114430
0 0.551152 0.864370 0.193929 0.156589
0 0.929455 0.680679 0.141090 0.108408
1 0.269533 0.101000 0.160202 0.105396
1 0.272063 0.201879 0.195616 0.138521
1 0.264474 0.444291 0.190556 0.147555
1 0.262788 0.591845 0.193929 0.165623
1 0.255200 0.716815 0.198988 0.144543
1 0.530073 0.210913 0.172007 0.132498
1 0.536818 0.320826 0.198988 0.123464
1 0.536818 0.576789 0.198988 0.147555
1 0.539348 0.713804 0.204047 0.162611
1 0.909219 0.293724 0.181562 0.099374
1 0.915964 0.409660 0.168072 0.144543
1 0.918494 0.549687 0.163012 0.153577
1 0.939573 0.838774 0.120854 0.195736
1 0.545250 0.969766 0.198988 0.048181
1 0.946318 0.945676 0.107364 0.108408