0 0.207139 0.284600 0.045531 0.136842
0 0.253513 0.293469 0.047218 0.134308
0 0.295672 0.290935 0.047218 0.124172
0 0.479483 0.290935 0.053963 0.119104
0 0.525857 0.290935 0.048904 0.119104
0 0.568859 0.293469 0.040472 0.098831
0 0.705452 0.285867 0.050590 0.103899
0 0.799044 0.292202 0.042159 0.101365
0 0.887577 0.296003 0.043845 0.124172
0 0.977515 0.294736 0.044969 0.106433
0 0.224845 0.587427 0.047218 0.129240
0 0.267004 0.584893 0.047218 0.134308
0 0.415402 0.592495 0.047218 0.129240
0 0.465149 0.595029 0.052277 0.129240
0 0.558741 0.588694 0.053963 0.146979
0 0.656549 0.592495 0.053963 0.129240
0 0.707139 0.593762 0.053963 0.136842
0 0.755200 0.592495 0.045531 0.134308
0 0.801574 0.596297 0.050590 0.141911
0 0.897695 0.596297 0.037099 0.131774
0 0.312535 0.735673 0.053963 0.146979
0 0.412872 0.738207 0.048904 0.162184
0 0.462619 0.738207 0.050590 0.162184
0 0.510680 0.740741 0.055649 0.172320
0 0.563800 0.740741 0.050590 0.172320
0 0.655705 0.745809 0.059022 0.172320
0 0.713884 0.742008 0.053963 0.149513
0 0.817594 0.745809 0.065767 0.157115
0 0.914559 0.743275 0.064081 0.162184
0 0.964306 0.744542 0.038786 0.159649
1 0.157392 0.289668 0.047218 0.136842
1 0.342046 0.276998 0.055649 0.141911
1 0.390107 0.280799 0.053963 0.144445
1 0.428049 0.279532 0.045531 0.146979
1 0.616076 0.290935 0.057336 0.149513
1 0.653176 0.284600 0.043845 0.146979
1 0.753513 0.287134 0.055649 0.152047
1 0.844576 0.302339 0.038786 0.141911
1 0.931422 0.299805 0.060708 0.157115
1 0.317594 0.593762 0.064081 0.136842
1 0.368184 0.588694 0.050590 0.131774
1 0.510680 0.589961 0.052277 0.134308
1 0.612704 0.595029 0.074199 0.154581
1 0.852164 0.600098 0.060708 0.144445
1 0.949129 0.596297 0.065767 0.152047
1 0.207982 0.735673 0.064081 0.157115
1 0.256886 0.735673 0.057336 0.167252
1 0.358066 0.742008 0.060708 0.179922
1 0.609331 0.743275 0.053963 0.187525
1 0.764474 0.750878 0.053963 0.197661
1 0.867341 0.757213 0.057336 0.195127