0 0.094997 0.152192 0.064081 0.063238
0 0.151490 0.201879 0.065767 0.066249
0 0.154019 0.314804 0.060708 0.057215
0 0.153176 0.378041 0.069140 0.057215
0 0.084814 0.486088 0.067583 0.063960
0 0.151490 0.490026 0.075885 0.076413
0 0.344576 0.153698 0.064081 0.054204
0 0.343732 0.489460 0.079258 0.057215
0 0.279651 0.260600 0.062395 0.057215
0 0.341203 0.597868 0.064081 0.063238
0 0.468522 0.652072 0.065767 0.057215
0 0.532603 0.771019 0.059022 0.072272
0 0.535132 0.152192 0.067454 0.063238
0 0.533446 0.542159 0.064081 0.066249
0 0.657392 0.158215 0.065767 0.063238
0 0.659078 0.326849 0.072513 0.057215
0 0.719786 0.545170 0.062395 0.054204
0 0.721473 0.436762 0.062395 0.054204
0 0.717257 0.608408 0.067454 0.060226
0 0.654019 0.661106 0.062395 0.063238
0 0.651490 0.719827 0.064081 0.066249
0 0.720630 0.771019 0.074199 0.066249
0 0.846262 0.212419 0.065767 0.063238
0 0.845419 0.266623 0.067454 0.063238
0 0.906127 0.317815 0.067454 0.057215
0 0.842889 0.376536 0.069140 0.048181
0 0.911186 0.432245 0.070826 0.069260
0 0.911186 0.493977 0.074199 0.060226
0 0.845419 0.599374 0.070826 0.066249
0 0.851321 0.659600 0.075885 0.066249
0 0.906970 0.780053 0.065767 0.054204
1 0.152203 0.151817 0.072642 0.062543
1 0.089938 0.207411 0.072642 0.076441
1 0.089290 0.260688 0.076534 0.062543
1 0.089290 0.313965 0.076534 0.062543
1 0.084749 0.373033 0.077831 0.078758
1 0.081506 0.434418 0.084317 0.067176
1 0.151554 0.427469 0.071345 0.057910
1 0.084749 0.546764 0.072642 0.055594
1 0.080858 0.590775 0.070048 0.069492
1 0.081506 0.646369 0.073940 0.078758
1 0.080858 0.710070 0.070048 0.081074
1 0.084101 0.777246 0.073940 0.071808
1 0.156743 0.257213 0.076534 0.069492
1 0.150257 0.535182 0.076534 0.069492
1 0.148960 0.598883 0.079128 0.071808
1 0.152852 0.652160 0.076534 0.071808
1 0.153500 0.715861 0.080425 0.078758
1 0.148960 0.771455 0.086911 0.060226
1 0.270895 0.162241 0.071345 0.069492
1 0.269598 0.209727 0.073940 0.067176
1 0.274138 0.309332 0.067454 0.062543
1 0.278679 0.366084 0.076534 0.074125
1 0.276733 0.427469 0.072642 0.062543
1 0.275436 0.485379 0.064859 0.071808
1 0.276084 0.547922 0.071345 0.067176
1 0.276084 0.603515 0.076534 0.062543
1 0.279976 0.662584 0.076534 0.074125
1 0.281273 0.718177 0.073940 0.060226
1 0.276084 0.779562 0.071345 0.090340
1 0.338349 0.773771 0.071345 0.064859
1 0.341592 0.711228 0.080425 0.050961
1 0.342889 0.657951 0.070048 0.055594
1 0.342241 0.539814 0.076534 0.060226
1 0.344186 0.428627 0.072642 0.064859
1 0.344835 0.369559 0.076534 0.048644
1 0.342889 0.318598 0.080425 0.057910
1 0.341592 0.259530 0.077831 0.064859
1 0.342889 0.208569 0.080425 0.055594
1 0.470662 0.151817 0.068751 0.053277
1 0.470013 0.210885 0.072642 0.069492
1 0.470013 0.260688 0.070048 0.076441
1 0.471311 0.318598 0.072642 0.071808
1 0.471311 0.377666 0.077831 0.069492
1 0.471311 0.439051 0.072642 0.071808
1 0.472608 0.490012 0.075237 0.071808
1 0.469365 0.543289 0.066156 0.076441
1 0.466122 0.715861 0.067454 0.069492
1 0.468716 0.778404 0.067454 0.074125
1 0.533575 0.591933 0.072642 0.057910
1 0.532278 0.646369 0.075237 0.069492
1 0.539413 0.711228 0.089506 0.064859
1 0.536818 0.203936 0.071345 0.060226
1 0.535521 0.263004 0.071345 0.053277
1 0.540061 0.315123 0.064859 0.064859
1 0.542007 0.378824 0.071345 0.071808
1 0.533575 0.428627 0.072642 0.060226
1 0.539413 0.478430 0.079128 0.048644
1 0.458987 0.602357 0.076534 0.055594
1 0.721019 0.152975 0.073940 0.055594
1 0.724262 0.216676 0.075237 0.057910
1 0.724910 0.278061 0.073940 0.055594
1 0.722316 0.335971 0.081723 0.069492
1 0.725559 0.382299 0.088209 0.060226
1 0.721667 0.486537 0.080425 0.064859
1 0.718424 0.663742 0.076534 0.071808
1 0.720370 0.720494 0.077831 0.060226
1 0.654214 0.780720 0.070048 0.074125
1 0.654214 0.617414 0.075237 0.057910
1 0.657457 0.559504 0.079128 0.057910
1 0.653565 0.491170 0.073940 0.064859
1 0.654862 0.435576 0.076534 0.050961
1 0.653565 0.374192 0.084317 0.067176
1 0.653565 0.273428 0.076534 0.060226
1 0.655511 0.209727 0.075237 0.067176