1 0.071111 0.038889 0.119444 0.077778
1 0.069722 0.114815 0.125000 0.081481
1 0.066250 0.274074 0.120833 0.088889
1 0.062778 0.518519 0.119444 0.085185
1 0.061389 0.600000 0.119444 0.077778
1 0.060694 0.678704 0.115278 0.079630
1 0.062083 0.841667 0.120833 0.083333
1 0.061389 0.920370 0.119444 0.092593
1 0.340556 0.837963 0.125000 0.090741
1 0.460000 0.835185 0.113889 0.081481
1 0.339861 0.676852 0.120833 0.079630
1 0.339861 0.597222 0.123611 0.083333
1 0.341250 0.515741 0.126389 0.075926
1 0.341944 0.355556 0.119444 0.088889
1 0.344028 0.274074 0.118056 0.074074
1 0.346111 0.193519 0.119444 0.075926
1 0.350972 0.119444 0.112500 0.075926
1 0.350972 0.039815 0.115278 0.072222
1 0.468333 0.112963 0.119444 0.085185
1 0.467639 0.190741 0.120833 0.085185
1 0.464167 0.277778 0.119444 0.081481
1 0.738472 0.746296 0.118056 0.070370
1 0.857917 0.666667 0.115278 0.074074
1 0.739167 0.826852 0.116667 0.083333
1 0.740556 0.905556 0.108333 0.077778
1 0.853056 0.970370 0.119444 0.059259
1 0.742639 0.509259 0.115278 0.077778
1 0.462083 0.975926 0.123611 0.048148
1 0.059167 0.980556 0.118333 0.038888
0 0.069722 0.189815 0.127778 0.072222
0 0.059167 0.757407 0.118333 0.085185
0 0.339167 0.432407 0.125000 0.079630
0 0.341250 0.755556 0.118056 0.077778
0 0.341944 0.916667 0.116667 0.088889
0 0.339167 0.977778 0.119444 0.044444
0 0.465556 0.359259 0.122222 0.081481
0 0.464167 0.429630 0.116667 0.077778
0 0.464167 0.509259 0.116667 0.085185
0 0.462083 0.590741 0.112500 0.092593
0 0.460000 0.670370 0.116667 0.081481
0 0.462083 0.750000 0.120833 0.081481
0 0.464167 0.911111 0.119444 0.077778
0 0.739861 0.588889 0.120833 0.081481
0 0.737083 0.665741 0.120833 0.072222
0 0.856528 0.746296 0.120833 0.081481
0 0.853750 0.823148 0.118056 0.075926
0 0.854444 0.898148 0.116667 0.077778
0 0.737778 0.972222 0.105556 0.051852