0 0.347105 0.504517 0.062395 0.298121
0 0.410343 0.509034 0.074199 0.307155
0 0.825183 0.503011 0.067454 0.319200
0 0.885891 0.509034 0.060708 0.301132
0 0.169196 0.909540 0.064081 0.168634
0 0.356380 0.917128 0.060708 0.165743
0 0.410343 0.912611 0.057336 0.174777
0 0.533446 0.914057 0.070826 0.165623
0 0.942383 0.917068 0.059022 0.165623
1 0.040191 0.096423 0.069140 0.192845
1 0.100056 0.102445 0.067454 0.204890
1 0.163294 0.096423 0.069140 0.192845
1 0.233277 0.096423 0.070826 0.192845
1 0.291456 0.096423 0.062395 0.192845
1 0.351321 0.094917 0.070826 0.189834
1 0.408657 0.097928 0.077572 0.195856
1 0.469365 0.093411 0.064081 0.186822
1 0.528387 0.093411 0.067454 0.186822
1 0.589095 0.096423 0.074199 0.192845
1 0.651490 0.093411 0.064081 0.186822
1 0.709668 0.090460 0.059022 0.180679
1 0.772906 0.099434 0.057336 0.198868
1 0.823496 0.099434 0.074199 0.198868
1 0.881675 0.096423 0.069140 0.192845
1 0.953345 0.099434 0.067454 0.198868
1 0.039348 0.500000 0.067454 0.319200
1 0.105115 0.501506 0.070826 0.310166
1 0.170882 0.504517 0.064081 0.316189
1 0.232434 0.501506 0.075885 0.304144
1 0.295672 0.510540 0.074199 0.316189
1 0.472737 0.503011 0.064081 0.313178
1 0.534289 0.506023 0.062395 0.313178
1 0.589095 0.506023 0.053963 0.313178
1 0.646431 0.512045 0.060708 0.325223
1 0.708825 0.504517 0.057336 0.310166
1 0.761945 0.506023 0.065767 0.331245
1 0.944913 0.512045 0.064081 0.301132
1 0.039067 0.912611 0.078134 0.174777
1 0.104272 0.909600 0.075885 0.180800
1 0.229061 0.915623 0.072513 0.168754
1 0.290613 0.917128 0.077572 0.165743
1 0.464306 0.909600 0.074199 0.180800
1 0.589938 0.911106 0.062395 0.177788
1 0.644744 0.912611 0.060708 0.174777
1 0.705452 0.911106 0.064081 0.177788
1 0.758572 0.909600 0.069140 0.180800
1 0.825183 0.909600 0.077572 0.180800
1 0.883361 0.914117 0.059022 0.171766