0 0.041877 0.186822 0.075885 0.258974
0 0.121979 0.182305 0.077572 0.268008
0 0.034851 0.549687 0.069702 0.255962
0 0.111017 0.557215 0.069140 0.283064
0 0.186903 0.174777 0.059022 0.264996
0 0.179314 0.551192 0.067454 0.277042
0 0.249297 0.554204 0.075885 0.277042
0 0.252670 0.173272 0.059022 0.274030
0 0.322653 0.554204 0.074199 0.277042
0 0.392636 0.552698 0.075885 0.298121
0 0.470208 0.552698 0.082631 0.292098
0 0.544407 0.552698 0.079258 0.280053
0 0.621979 0.558721 0.075885 0.274030
0 0.700393 0.557215 0.087690 0.295110
0 0.774592 0.555709 0.077572 0.292098
0 0.847105 0.560226 0.091062 0.289087
0 0.925520 0.555709 0.086003 0.280053
0 0.324339 0.180800 0.077572 0.252951
0 0.403597 0.185317 0.077572 0.255962
0 0.471051 0.194351 0.084317 0.292098
0 0.546093 0.188328 0.089376 0.268008
0 0.621979 0.180800 0.075885 0.264996
0 0.697864 0.180800 0.086003 0.289087
0 0.767004 0.194351 0.075885 0.268008
0 0.842046 0.189834 0.091062 0.271019
0 0.922147 0.176283 0.092749 0.274030