0 0.437901 0.394444 0.102469 0.307407
0 0.640988 0.396296 0.098765 0.303704
0 0.746543 0.398148 0.095062 0.303704
0 0.845309 0.395370 0.095062 0.305556
0 0.947778 0.393519 0.095062 0.298148
0 0.945309 0.702778 0.097531 0.287037
0 0.542222 0.707407 0.098765 0.303704
0 0.437284 0.713889 0.093827 0.305556
1 0.330494 0.400000 0.112346 0.311111
1 0.539136 0.398148 0.097531 0.300000
1 0.332963 0.716667 0.107407 0.322222
1 0.644691 0.708333 0.106173 0.309259
1 0.746543 0.703704 0.100000 0.311111
1 0.846543 0.701852 0.092593 0.300000