1 0.078134 0.280776 0.138280 0.315033
1 0.170039 0.280776 0.112985 0.302042
1 0.493817 0.280776 0.139966 0.282556
1 0.593311 0.293767 0.099494 0.302042
1 0.656549 0.292143 0.087690 0.311786
1 0.741709 0.290519 0.092749 0.295547
1 0.916245 0.292143 0.101180 0.298795
1 0.794829 0.704609 0.128162 0.292299
1 0.881675 0.698114 0.116358 0.279308
0 0.059584 0.699738 0.087690 0.328024
0 0.135469 0.712729 0.104553 0.302042
0 0.221473 0.712729 0.107926 0.302042
0 0.292299 0.717600 0.114671 0.318281
0 0.385891 0.714353 0.106239 0.350759
0 0.463463 0.714353 0.102867 0.324777
0 0.550309 0.706233 0.111298 0.321529
0 0.634626 0.712729 0.097808 0.315033
0 0.720630 0.691618 0.138280 0.331272
0 0.245081 0.290519 0.114671 0.334520
0 0.330242 0.290519 0.102867 0.334520
0 0.424677 0.284023 0.146712 0.360502
0 0.836144 0.303510 0.079258 0.341016
0 0.955031 0.707857 0.064081 0.311786