0 0.085751 0.326852 0.097159 0.257407
0 0.186695 0.330556 0.099682 0.264815
0 0.287008 0.328704 0.093373 0.261111
0 0.382274 0.329630 0.102206 0.262963
0 0.479433 0.329630 0.094635 0.274074
0 0.574699 0.328704 0.095897 0.272222
0 0.675643 0.328704 0.095897 0.272222
0 0.771540 0.333333 0.093373 0.266667
0 0.870591 0.328704 0.097159 0.264815
0 0.868698 0.637963 0.100944 0.275926
0 0.768385 0.637963 0.092111 0.268519
0 0.671857 0.638889 0.100944 0.274074
0 0.572175 0.641667 0.090850 0.283333
0 0.475016 0.638889 0.090850 0.281481
0 0.380381 0.637037 0.093373 0.266667
0 0.280068 0.637037 0.087064 0.266667
0 0.186064 0.641667 0.095897 0.275926
0 0.086382 0.642593 0.095897 0.285185