1 0.088333 0.150926 0.079630 0.142593
1 0.251296 0.156481 0.072222 0.135185
1 0.339259 0.154630 0.077778 0.131481
1 0.578148 0.150000 0.077778 0.155556
1 0.661481 0.154630 0.074074 0.150000
1 0.748518 0.151852 0.081481 0.155556
1 0.918889 0.147222 0.070370 0.138889
1 0.881852 0.372222 0.077778 0.166667
1 0.137407 0.364815 0.077778 0.151852
1 0.095741 0.634259 0.075926 0.146296
1 0.174444 0.629630 0.074074 0.148148
1 0.251296 0.629630 0.068519 0.148148
1 0.335556 0.633333 0.074074 0.140741
1 0.749444 0.632407 0.075926 0.142593
1 0.832778 0.635185 0.079630 0.133333
1 0.878148 0.850000 0.077778 0.151852
1 0.800370 0.847222 0.066667 0.146296
1 0.228148 0.845370 0.074074 0.146296
1 0.139259 0.843519 0.077778 0.146296
0 0.165185 0.147222 0.062963 0.150000
0 0.424444 0.152778 0.074074 0.153704
0 0.494815 0.148148 0.074074 0.162963
0 0.839259 0.151852 0.081481 0.155556
0 0.048518 0.368519 0.081481 0.159259
0 0.222593 0.370370 0.081481 0.155556
0 0.304074 0.368519 0.074074 0.148148
0 0.388333 0.365741 0.072222 0.150000
0 0.472593 0.362037 0.074074 0.150000
0 0.548518 0.369444 0.074074 0.153704
0 0.634630 0.367593 0.083333 0.153704
0 0.715185 0.371296 0.081481 0.164815
0 0.798518 0.367593 0.070370 0.153704
0 0.419815 0.632407 0.079630 0.164815
0 0.500370 0.637037 0.074074 0.166667
0 0.583704 0.630556 0.077778 0.161111
0 0.663333 0.633333 0.074074 0.170370
0 0.923518 0.637963 0.079630 0.150000
0 0.053148 0.848148 0.079630 0.159259
0 0.311481 0.842593 0.066667 0.159259
0 0.391111 0.844444 0.085185 0.162963
0 0.472593 0.844444 0.092593 0.162963
0 0.553148 0.848148 0.098148 0.155556
0 0.638333 0.852778 0.109259 0.164815
0 0.714259 0.843519 0.090741 0.168519
0 0.957778 0.847222 0.062963 0.153704