0 0.208420 0.094907 0.107500 0.069444
0 0.206686 0.170139 0.110968 0.071759
0 0.204085 0.236111 0.116170 0.074074
0 0.204952 0.373843 0.117904 0.071759
0 0.201484 0.450231 0.128307 0.076389
0 0.198883 0.531250 0.130041 0.085648
0 0.198016 0.613426 0.131775 0.087963
0 0.196283 0.690972 0.138710 0.085648
0 0.190214 0.782407 0.136976 0.092593
0 0.187613 0.865741 0.124839 0.092593
0 0.185879 0.949074 0.131775 0.087963
0 0.318521 0.945602 0.136976 0.085648
0 0.320255 0.859954 0.126573 0.085648
0 0.318521 0.783565 0.130041 0.090278
0 0.317654 0.690972 0.131775 0.094907
0 0.321122 0.612269 0.131775 0.090278
0 0.322856 0.542824 0.124839 0.090278
0 0.328924 0.459491 0.126573 0.081019
0 0.329791 0.378472 0.131775 0.071759
0 0.327190 0.240741 0.126573 0.074074
0 0.327190 0.170139 0.126573 0.076389
0 0.327190 0.094907 0.126573 0.078704
0 0.620215 0.956019 0.123105 0.087962
0 0.615881 0.870370 0.124839 0.097222
0 0.611546 0.777778 0.123105 0.083333
0 0.612413 0.703704 0.131775 0.092593
0 0.607211 0.613426 0.142178 0.092593
0 0.609812 0.541667 0.136976 0.083333
0 0.606344 0.466435 0.130041 0.081019
0 0.751123 0.950231 0.138710 0.081019
0 0.739853 0.869213 0.126573 0.081019
0 0.740720 0.777778 0.117904 0.078704
0 0.739853 0.711806 0.126573 0.090278
0 0.732917 0.615741 0.130041 0.097222
0 0.738119 0.539352 0.133509 0.087963
0 0.732050 0.459491 0.121371 0.090278
0 0.725982 0.379630 0.123105 0.074074
0 0.718179 0.241898 0.121371 0.067130
0 0.716446 0.173611 0.117904 0.060185
0 0.716446 0.103009 0.117904 0.081019
0 0.712111 0.028935 0.123105 0.048611
0 0.599409 0.033565 0.126573 0.053241
0 0.595941 0.099537 0.119637 0.078704
0 0.596808 0.171296 0.128307 0.078704
0 0.598542 0.245370 0.131775 0.069444
0 0.334126 0.019676 0.130041 0.039352
0 0.214488 0.027778 0.123105 0.050926
0 0.963989 0.030093 0.072021 0.060185
0 0.965723 0.098380 0.068554 0.067130
0 0.969191 0.170139 0.061618 0.076389
0 0.969191 0.239583 0.061618 0.062500
0 0.976126 0.378472 0.047747 0.067130
0 0.974393 0.454861 0.051214 0.067130
0 0.977860 0.533565 0.044279 0.071759
0 0.981328 0.611111 0.037344 0.074074
0 0.983929 0.692130 0.032142 0.087963
0 0.983062 0.773148 0.033876 0.078704
0 0.983929 0.859954 0.032142 0.090278
1 0.605477 0.380787 0.131775 0.071759