0 0.229404 0.262731 0.084633 0.261574
0 0.428033 0.259259 0.105360 0.287037
0 0.721658 0.256944 0.094996 0.254630
0 0.822700 0.258102 0.096724 0.261574
0 0.918560 0.259259 0.098451 0.263889
0 0.928060 0.570602 0.107087 0.266204
0 0.823564 0.572917 0.108814 0.270833
0 0.724249 0.572917 0.100178 0.266204
0 0.625798 0.572917 0.107087 0.266204
0 0.529075 0.567130 0.103632 0.273148
0 0.326991 0.570602 0.100178 0.270833
0 0.129226 0.571759 0.094996 0.273148
1 0.133544 0.269676 0.107087 0.284722
1 0.333900 0.261574 0.093269 0.268519
1 0.519575 0.261574 0.108814 0.310185
1 0.620617 0.269676 0.086360 0.293981
1 0.218177 0.568287 0.082906 0.275463
1 0.415079 0.562500 0.093269 0.291667