0 0.481169 0.375000 0.097096 0.245370
0 0.673596 0.376157 0.100627 0.252315
0 0.965230 0.372685 0.069540 0.240741
0 0.179289 0.673611 0.093565 0.254630
0 0.479404 0.673611 0.093565 0.240741
1 0.078662 0.371528 0.107688 0.266204
1 0.181937 0.376157 0.102392 0.270833
1 0.277267 0.375000 0.102392 0.259259
1 0.371715 0.381944 0.093565 0.273148
1 0.073365 0.673611 0.100627 0.259259
1 0.279033 0.678241 0.105923 0.273148
1 0.374363 0.678241 0.084738 0.273148
1 0.576500 0.674769 0.100627 0.266204
1 0.678892 0.674769 0.100627 0.270833
1 0.883677 0.658565 0.114750 0.229167
1 0.781284 0.673611 0.111219 0.282407
1 0.973174 0.652778 0.053652 0.268519
1 0.774223 0.378472 0.090035 0.252315
1 0.875733 0.377315 0.105923 0.273148
1 0.587975 0.369213 0.095331 0.280093