0 0.036537 0.013557 0.060226 0.027113
0 0.033325 0.061584 0.066650 0.053622
0 0.037186 0.243650 0.074372 0.068674
0 0.036337 0.306713 0.072673 0.061282
0 0.038143 0.366080 0.076286 0.057452
0 0.039549 0.420659 0.078294 0.059367
0 0.037541 0.485771 0.075082 0.070857
0 0.039348 0.544181 0.078696 0.061282
0 0.039549 0.602590 0.075885 0.063197
0 0.037541 0.661000 0.075082 0.053622
0 0.040552 0.719409 0.081104 0.067027
0 0.235285 0.080735 0.033727 0.118734
0 0.276239 0.080735 0.043363 0.122564
0 0.273830 0.200427 0.036136 0.116819
0 0.315988 0.202342 0.045772 0.116819
0 0.353931 0.198512 0.039749 0.120649
0 0.388862 0.198512 0.037340 0.120649
0 0.468361 0.196597 0.039749 0.120649
0 0.425600 0.076905 0.038545 0.114904
0 0.467156 0.076905 0.042159 0.114904
0 0.504497 0.077862 0.034931 0.112989
0 0.542440 0.080735 0.036136 0.114904
0 0.615314 0.082650 0.039749 0.114904
0 0.657472 0.081693 0.044568 0.116819
0 0.697222 0.081693 0.044568 0.116819
0 0.694812 0.195639 0.037340 0.130224
0 0.614711 0.201384 0.036136 0.130224
0 0.580984 0.196597 0.033727 0.124479
0 0.544849 0.194681 0.040954 0.120649
0 0.240705 0.487687 0.042159 0.120649
0 0.276841 0.490559 0.039749 0.126394
0 0.391271 0.490559 0.039749 0.111074
0 0.463543 0.490559 0.039749 0.114904
0 0.503292 0.490559 0.044568 0.111074
0 0.541235 0.493432 0.043363 0.120649
0 0.615314 0.492474 0.044568 0.126394
0 0.651449 0.487687 0.039749 0.120649
0 0.690597 0.491517 0.043363 0.116819
0 0.240705 0.607378 0.037340 0.114904
0 0.318397 0.607378 0.040954 0.122564
0 0.354533 0.605463 0.036136 0.111074
0 0.387055 0.605463 0.038545 0.126394
0 0.463543 0.600675 0.039749 0.124479
0 0.543042 0.611208 0.039749 0.122564
0 0.615916 0.606421 0.043363 0.112989
0 0.691801 0.608336 0.040954 0.116819
0 0.773508 0.081373 0.034931 0.118734
0 0.809644 0.076586 0.042159 0.120649
0 0.844576 0.079458 0.042159 0.118734
0 0.887336 0.081373 0.043363 0.118734
0 0.925279 0.081373 0.039749 0.114904
0 0.962017 0.081373 0.043363 0.114904
0 0.774111 0.194362 0.040954 0.126394
0 0.851201 0.194362 0.038545 0.111074
0 0.887939 0.196277 0.037340 0.122564
0 0.922870 0.197235 0.037340 0.120649
0 0.965029 0.198192 0.039749 0.118734
0 0.992130 0.198192 0.012045 0.122564
0 0.990926 0.079458 0.014454 0.118734
0 0.731952 0.492155 0.040954 0.120649
0 0.767486 0.490240 0.037340 0.105329
0 0.804224 0.490240 0.045772 0.116819
0 0.842769 0.489282 0.045772 0.114904
0 0.881314 0.487367 0.040954 0.114904
0 0.730748 0.607059 0.033727 0.116819
0 0.770497 0.607059 0.038545 0.112989
0 0.804224 0.608974 0.036136 0.124479
0 0.842769 0.602271 0.040954 0.122564
0 0.881916 0.608016 0.046977 0.126394
0 0.920461 0.604186 0.039749 0.126394
0 0.955392 0.608016 0.039749 0.126394
0 0.987915 0.608016 0.020477 0.134055
0 0.990645 0.486410 0.018710 0.112989
0 0.977676 0.863039 0.033727 0.047877
0 0.940938 0.860167 0.049386 0.049792
0 0.900586 0.859209 0.040954 0.051707
0 0.866257 0.857294 0.044568 0.051707
0 0.826508 0.859209 0.042159 0.055537
0 0.786156 0.861124 0.038545 0.055537
0 0.751225 0.864954 0.040954 0.055537
0 0.716293 0.863997 0.043363 0.053622
0 0.674737 0.860167 0.039749 0.053622
0 0.602465 0.863039 0.034931 0.059367
0 0.564523 0.863039 0.045772 0.047877
0 0.532603 0.859209 0.039749 0.051707
0 0.491649 0.859209 0.037340 0.051707
0 0.450695 0.862082 0.049386 0.049792
0 0.410343 0.856337 0.038545 0.053622
0 0.373605 0.862082 0.039749 0.049792
0 0.336867 0.859209 0.043363 0.063197
0 0.303140 0.857294 0.040954 0.055537
0 0.260580 0.863039 0.045772 0.051707
1 0.232434 0.207761 0.038786 0.123330
1 0.310006 0.079069 0.038786 0.112606
1 0.347948 0.077728 0.040472 0.120649
1 0.389016 0.068590 0.048606 0.135632
1 0.422742 0.200279 0.036703 0.143517
1 0.504084 0.202645 0.036703 0.132477
1 0.581457 0.072533 0.046622 0.124592
1 0.661310 0.205011 0.035711 0.134055
1 0.739179 0.199491 0.032735 0.132477
1 0.739675 0.070956 0.037695 0.124592
1 0.809660 0.201064 0.037618 0.140242
1 0.962728 0.484641 0.045401 0.121680
1 0.923163 0.475360 0.038916 0.131992
1 0.653349 0.614571 0.038916 0.146429
1 0.425044 0.481547 0.028538 0.131992
1 0.582004 0.484641 0.036321 0.146429
1 0.578112 0.615602 0.033727 0.127867
1 0.504821 0.615602 0.037618 0.140242
1 0.423747 0.608383 0.036321 0.142304
1 0.354996 0.487734 0.038916 0.123743
1 0.313486 0.479485 0.033727 0.140242
1 0.273274 0.611477 0.036321 0.148491
1 0.037835 0.120631 0.075669 0.074246
1 0.038483 0.177346 0.076966 0.055684
1 0.639728 0.861369 0.042807 0.059809