0 0.034289 0.269395 0.043845 0.136842
0 0.068859 0.269395 0.035413 0.136842
0 0.105958 0.271929 0.042159 0.131774
0 0.144852 0.273179 0.044104 0.146199
0 0.181822 0.269280 0.042807 0.153996
0 0.222035 0.265382 0.035024 0.142300
0 0.260302 0.275128 0.046699 0.146199
0 0.296623 0.272204 0.036321 0.148148
0 0.338782 0.269280 0.037618 0.146199
0 0.377697 0.269280 0.040213 0.150098
0 0.413370 0.268306 0.041510 0.136453
0 0.452934 0.270255 0.037618 0.144250
0 0.490552 0.265382 0.045401 0.134503
0 0.530116 0.262458 0.046699 0.132554
0 0.567735 0.260509 0.036321 0.136453
0 0.605353 0.267331 0.046699 0.130605
0 0.646863 0.257585 0.044104 0.142300
0 0.686427 0.265382 0.037618 0.134503
0 0.724045 0.266357 0.040213 0.128655
0 0.761664 0.263433 0.035024 0.130605
0 0.797336 0.259534 0.041510 0.122807
0 0.834955 0.262458 0.044104 0.132554
0 0.873222 0.266357 0.035024 0.132554
0 0.255113 0.516844 0.041510 0.122807
0 0.299217 0.513920 0.041510 0.128655
0 0.338782 0.516844 0.040213 0.122807
0 0.373806 0.510996 0.035024 0.118909
0 0.411424 0.509047 0.042807 0.122807
0 0.450988 0.510996 0.044104 0.126706
0 0.491849 0.510022 0.042807 0.124757
0 0.530765 0.509047 0.040213 0.126706
0 0.566438 0.508072 0.041510 0.124757
0 0.606002 0.512946 0.040213 0.130605
0 0.643620 0.510996 0.040213 0.126706
0 0.681887 0.513920 0.041510 0.128655
0 0.720154 0.510022 0.037618 0.120858
0 0.760367 0.510996 0.042807 0.130605
0 0.797336 0.510996 0.038916 0.130605
0 0.833658 0.512946 0.038916 0.130605
0 0.912029 0.261793 0.035413 0.141911
0 0.947442 0.268128 0.038786 0.139377