0 0.511188 0.728009 0.175926 0.321759
0 0.684799 0.726852 0.175926 0.324074
0 0.864197 0.732639 0.178241 0.312500
0 0.025270 0.719907 0.050540 0.310185
0 0.021798 0.281250 0.043596 0.312500
0 0.980131 0.276620 0.039738 0.307870
0 0.976466 0.733796 0.041667 0.319444
1 0.140818 0.715278 0.189815 0.347222
1 0.326003 0.715278 0.212963 0.365741
1 0.145447 0.285880 0.203704 0.340278
1 0.322531 0.284722 0.192130 0.337963
1 0.508873 0.293981 0.208333 0.365741
1 0.691744 0.295139 0.185185 0.358796
1 0.872299 0.290509 0.212963 0.354167