0 0.077291 0.340351 0.099494 0.258480
0 0.182687 0.339083 0.104553 0.261014
0 0.284710 0.341618 0.106239 0.271151
0 0.385891 0.337816 0.099494 0.268617
0 0.492130 0.340351 0.106239 0.268617
0 0.697021 0.341618 0.104553 0.250878
0 0.798201 0.337816 0.101180 0.263548
0 0.900225 0.336549 0.099494 0.281287
0 0.078977 0.669786 0.102867 0.248344
0 0.385891 0.672320 0.099494 0.263548
0 0.491287 0.672320 0.104553 0.263548
0 0.589938 0.677388 0.102867 0.253412
0 0.693648 0.673587 0.131535 0.276219
0 0.900225 0.668519 0.102867 0.266082
1 0.600899 0.334015 0.118044 0.311697
1 0.281338 0.657115 0.123103 0.263548
1 0.179314 0.665985 0.104553 0.281287
1 0.805790 0.669786 0.102867 0.293958