1 0.233580 0.188889 0.027160 0.100000
1 0.267531 0.192593 0.030864 0.100000
1 0.339753 0.094444 0.032099 0.103704
1 0.371852 0.089815 0.029630 0.101852
1 0.402716 0.092593 0.032099 0.096296
1 0.436049 0.093519 0.034568 0.090741
1 0.471852 0.095370 0.037037 0.094444
1 0.507654 0.090741 0.029630 0.092593
1 0.544691 0.088889 0.039506 0.088889
1 0.606420 0.091667 0.034568 0.094444
1 0.672469 0.095370 0.030864 0.087037
1 0.706420 0.092593 0.037037 0.092593
1 0.740370 0.089815 0.035802 0.094444
1 0.774321 0.097222 0.032099 0.101852
1 0.876790 0.194444 0.032099 0.088889
1 0.841605 0.198148 0.035802 0.092593
1 0.810123 0.198148 0.029630 0.092593
1 0.776173 0.196296 0.033333 0.096296
1 0.743457 0.191667 0.029630 0.098148
1 0.710741 0.187963 0.035802 0.090741
1 0.675556 0.198148 0.039506 0.096296
1 0.642839 0.188889 0.035802 0.107407
1 0.608272 0.186111 0.038272 0.094444
1 0.574321 0.184259 0.037037 0.101852
1 0.539136 0.187037 0.033333 0.107407
1 0.503333 0.191667 0.030864 0.105556
1 0.468765 0.193519 0.035802 0.101852
1 0.432963 0.192593 0.033333 0.100000
1 0.403333 0.189815 0.028395 0.094444
1 0.337284 0.191667 0.037037 0.094444
1 0.234815 0.433333 0.032099 0.096296
1 0.299630 0.437963 0.033333 0.101852
1 0.334198 0.440741 0.033333 0.111111
1 0.366914 0.436111 0.034568 0.109259
1 0.434815 0.434259 0.032099 0.098148
1 0.468148 0.435185 0.037037 0.100000
1 0.504568 0.437037 0.030864 0.103704
1 0.535432 0.439815 0.033333 0.105556
1 0.571235 0.434259 0.033333 0.090741
1 0.604568 0.442593 0.038272 0.100000
1 0.639136 0.439815 0.030864 0.098148
1 0.671235 0.441667 0.033333 0.109259
1 0.708889 0.441667 0.046914 0.087037
1 0.743457 0.440741 0.032099 0.096296
1 0.780494 0.450000 0.037037 0.096296
1 0.811358 0.444444 0.029630 0.088889
1 0.195926 0.528704 0.035802 0.101852
1 0.226790 0.527778 0.025926 0.100000
1 0.259506 0.536111 0.032099 0.105556
1 0.295309 0.539815 0.032099 0.105556
1 0.397160 0.543519 0.038272 0.098148
1 0.432346 0.540741 0.037037 0.103704
1 0.504568 0.534259 0.035802 0.101852
1 0.536049 0.537037 0.032099 0.100000
1 0.570617 0.537037 0.034568 0.103704
1 0.604568 0.543519 0.035802 0.090741
1 0.638518 0.540741 0.034568 0.100000
1 0.672469 0.542593 0.033333 0.096296
1 0.705185 0.542593 0.029630 0.092593
1 0.743457 0.537037 0.037037 0.096296
1 0.778642 0.537963 0.030864 0.094444
1 0.810741 0.533333 0.030864 0.092593
1 0.161975 0.775926 0.032099 0.100000
1 0.295309 0.779630 0.032099 0.103704
1 0.331111 0.779630 0.037037 0.107407
1 0.166296 0.873148 0.033333 0.098148
1 0.197160 0.872222 0.043210 0.111111
1 0.230494 0.875000 0.035802 0.105556
1 0.260123 0.876852 0.035802 0.112963
1 0.294691 0.877778 0.035802 0.100000
1 0.366296 0.880556 0.035802 0.101852
1 0.397160 0.783333 0.040741 0.103704
1 0.432346 0.785185 0.032099 0.103704
1 0.466914 0.787963 0.037037 0.105556
1 0.502099 0.787963 0.035802 0.098148
1 0.531111 0.790741 0.037037 0.100000
1 0.497160 0.887037 0.033333 0.092593
1 0.534198 0.889815 0.033333 0.109259
1 0.566296 0.887963 0.028395 0.109259
1 0.597778 0.886111 0.027160 0.109259
1 0.599012 0.780556 0.032099 0.098148
1 0.637901 0.787037 0.030864 0.103704
1 0.671235 0.787963 0.028395 0.098148
1 0.668765 0.887037 0.038272 0.092593
1 0.702716 0.788889 0.029630 0.096296
1 0.703333 0.886111 0.028395 0.101852
1 0.741605 0.786111 0.033333 0.101852
1 0.773704 0.786111 0.025926 0.101852
1 0.803951 0.791667 0.034568 0.098148
1 0.839753 0.791667 0.032099 0.090741
1 0.873086 0.790741 0.034568 0.092593
1 0.873086 0.883333 0.034568 0.088889
1 0.737284 0.892593 0.029630 0.100000
1 0.769383 0.887963 0.029630 0.098148
1 0.801481 0.886111 0.034568 0.094444
1 0.836049 0.887963 0.034568 0.094444
0 0.200247 0.430556 0.039506 0.090741
0 0.268765 0.429630 0.038272 0.103704
0 0.301481 0.190741 0.034568 0.100000
0 0.370617 0.190741 0.032099 0.092593
0 0.576790 0.087963 0.024691 0.075926
0 0.641605 0.090741 0.030864 0.085185
0 0.329877 0.538889 0.034568 0.100000
0 0.361975 0.541667 0.029630 0.105556
0 0.401481 0.433333 0.029630 0.107407
0 0.467531 0.537963 0.035802 0.098148
0 0.197160 0.767593 0.033333 0.094444
0 0.233580 0.771296 0.039506 0.087037
0 0.265062 0.774074 0.025926 0.081481
0 0.362593 0.778704 0.028395 0.098148
0 0.329877 0.880556 0.034568 0.101852
0 0.397160 0.881481 0.033333 0.100000
0 0.431728 0.883333 0.035802 0.088889
0 0.465062 0.891667 0.030864 0.094444
0 0.565679 0.783333 0.029630 0.088889
0 0.629877 0.887963 0.034568 0.098148