0 0.088252 0.069607 0.077572 0.087835
0 0.163294 0.080586 0.086003 0.101011
0 0.159078 0.168422 0.084317 0.118578
0 0.163294 0.484629 0.082631 0.109794
0 0.326869 0.273824 0.079258 0.109794
0 0.407813 0.175009 0.079258 0.105402
0 0.330242 0.570268 0.075885 0.105402
0 0.563800 0.067411 0.077572 0.092227
0 0.648960 0.361659 0.079258 0.101011
0 0.823496 0.078391 0.070826 0.087835
0 0.912872 0.278216 0.080944 0.118578
1 0.084083 0.170850 0.074480 0.113454
1 0.080570 0.266005 0.078696 0.106134
1 0.086191 0.361160 0.078696 0.098815
1 0.081975 0.472784 0.078696 0.102475
1 0.081272 0.584408 0.074480 0.128093
1 0.079867 0.683222 0.077291 0.106134
1 0.161373 0.370309 0.091343 0.087835
1 0.162076 0.260515 0.095559 0.102475
1 0.158563 0.575258 0.085722 0.117114
1 0.159265 0.688712 0.095559 0.109794
1 0.325792 0.694202 0.080101 0.120774
1 0.328602 0.487423 0.085722 0.102475
1 0.328602 0.375799 0.094154 0.113454
1 0.405190 0.262345 0.075885 0.091495
1 0.325792 0.174510 0.082912 0.106134
1 0.327197 0.077525 0.082912 0.102475
1 0.408001 0.068375 0.087128 0.113454
1 0.408001 0.375799 0.081506 0.106134
1 0.407298 0.491083 0.082912 0.080516
1 0.408001 0.584408 0.092749 0.091495
1 0.408703 0.697862 0.082912 0.113454
1 0.562582 0.165360 0.092749 0.102475
1 0.565393 0.267835 0.081506 0.117114
1 0.563285 0.375799 0.082912 0.113454
1 0.563987 0.483763 0.078696 0.087835
1 0.566095 0.589897 0.077291 0.146392
1 0.565393 0.688712 0.087128 0.102475
1 0.647602 0.053736 0.085722 0.106134
1 0.649007 0.150721 0.082912 0.102475
1 0.649710 0.262345 0.087128 0.113454
1 0.649710 0.478273 0.087128 0.098815
1 0.644088 0.582578 0.087128 0.102475
1 0.645494 0.690542 0.084317 0.106134
1 0.841531 0.178169 0.091343 0.128093
1 0.826073 0.280644 0.066048 0.113454
1 0.833802 0.381289 0.089938 0.109794
1 0.833802 0.478273 0.078696 0.106134
1 0.828883 0.575258 0.057617 0.109794
1 0.830289 0.692372 0.071669 0.087835
1 0.842233 0.780207 0.087128 0.109794
1 0.911795 0.378239 0.091343 0.106134
1 0.911092 0.469734 0.087128 0.106134
1 0.914606 0.572208 0.091343 0.106134
1 0.913903 0.672853 0.087128 0.095155
1 0.921632 0.775327 0.094154 0.109794