0 0.065462 0.139815 0.048738 0.179630
0 0.067386 0.306481 0.050021 0.138889
0 0.122537 0.146296 0.047455 0.162963
0 0.125743 0.305556 0.058999 0.137037
0 0.173840 0.304630 0.039760 0.146296
0 0.177688 0.141667 0.047455 0.161111
0 0.228350 0.142593 0.048738 0.137037
0 0.282859 0.147222 0.047455 0.150000
0 0.282218 0.309259 0.056433 0.159259
0 0.334163 0.312037 0.037195 0.153704
0 0.384824 0.143519 0.056433 0.161111
0 0.384183 0.310185 0.055151 0.153704
0 0.437410 0.310185 0.043608 0.150000
0 0.484866 0.150000 0.038477 0.148148
0 0.489996 0.310185 0.051303 0.146296
0 0.541940 0.153704 0.057716 0.159259
0 0.591320 0.306481 0.038477 0.142593
0 0.635569 0.303704 0.047455 0.148148
0 0.640699 0.147222 0.042325 0.146296
0 0.695850 0.137963 0.050021 0.146296
0 0.747153 0.143519 0.039760 0.142593
0 0.797174 0.303704 0.044890 0.148148
0 0.904910 0.304630 0.050021 0.150000
0 0.065462 0.791667 0.046173 0.135185
0 0.066104 0.631481 0.047455 0.151852
0 0.120613 0.794444 0.051303 0.133333
0 0.171916 0.794444 0.041043 0.129630
0 0.225143 0.636111 0.052586 0.161111
0 0.225143 0.796296 0.050021 0.140741
0 0.280294 0.638889 0.044890 0.148148
0 0.281577 0.800000 0.044890 0.140741
0 0.332880 0.637963 0.047455 0.146296
0 0.333521 0.797222 0.048738 0.138889
0 0.385466 0.799074 0.042325 0.146296
0 0.386748 0.632407 0.042325 0.142593
0 0.435486 0.796296 0.050021 0.144444
0 0.489355 0.630556 0.052586 0.157407
0 0.490637 0.790741 0.050021 0.148148
0 0.540016 0.637963 0.048738 0.164815
0 0.534886 0.793519 0.046173 0.153704
0 0.587472 0.798148 0.051303 0.151852
0 0.641981 0.800926 0.044890 0.157407
0 0.693285 0.635185 0.047455 0.174074
0 0.742664 0.635185 0.041043 0.174074
0 0.851042 0.632407 0.065412 0.157407
0 0.797174 0.807407 0.057716 0.148148
0 0.790119 0.631481 0.046173 0.162963
1 0.224502 0.303704 0.053868 0.162963
1 0.330315 0.142593 0.044890 0.166667
1 0.438693 0.148148 0.043608 0.166667
1 0.593243 0.148148 0.039760 0.148148
1 0.848477 0.299074 0.052586 0.153704
1 0.747153 0.295370 0.052586 0.164815
1 0.691361 0.300926 0.053868 0.164815
1 0.541299 0.313889 0.051303 0.146296
1 0.113559 0.637037 0.044890 0.162963
1 0.164221 0.632407 0.056433 0.168519
1 0.434204 0.634259 0.044890 0.157407
1 0.591320 0.637963 0.046173 0.161111
1 0.642623 0.629630 0.048738 0.162963
1 0.908758 0.633333 0.042325 0.166667
1 0.856813 0.803704 0.048738 0.155556
1 0.917095 0.805556 0.051303 0.155556
1 0.743946 0.813889 0.046173 0.175926
1 0.693285 0.808333 0.047455 0.161111