0 0.163561 0.085158 0.095519 0.084232
0 0.259670 0.084105 0.087264 0.077914
0 0.260849 0.176760 0.091981 0.082126
0 0.161792 0.254675 0.096698 0.082126
0 0.257901 0.253622 0.095519 0.088443
0 0.257311 0.341012 0.087264 0.073703
0 0.159434 0.417874 0.091981 0.080020
0 0.256722 0.424191 0.093160 0.075809
0 0.259670 0.508423 0.096698 0.071597
0 0.154127 0.589496 0.088443 0.077914
0 0.252594 0.786388 0.094340 0.126348
0 0.155896 0.781124 0.094340 0.111607
0 0.160024 0.903260 0.090802 0.128454
0 0.257311 0.910630 0.099057 0.113713
0 0.485495 0.077788 0.093160 0.073703
0 0.578656 0.078841 0.088443 0.080020
0 0.482547 0.169390 0.101415 0.088443
0 0.578656 0.174655 0.088443 0.082126
0 0.579835 0.256781 0.095519 0.073703
0 0.481368 0.508423 0.091981 0.088443
0 0.581604 0.592655 0.091981 0.075809
0 0.481368 0.680045 0.094340 0.069491
0 0.582783 0.908524 0.094340 0.117925
0 0.792099 0.078841 0.100236 0.075809
0 0.790920 0.170443 0.100236 0.082126
0 0.893514 0.174655 0.093160 0.094761
0 0.792689 0.255728 0.099057 0.058962
0 0.887028 0.252569 0.084906 0.086338
0 0.884080 0.337854 0.090802 0.080020
0 0.786203 0.335748 0.088443 0.075809
0 0.789151 0.417874 0.091981 0.084232
0 0.888797 0.503159 0.093160 0.090549
0 0.791509 0.591602 0.096698 0.094761
0 0.890566 0.677940 0.096698 0.082126
0 0.888208 0.768489 0.084906 0.090549
0 0.887028 0.852721 0.094340 0.086338
0 0.888797 0.935900 0.104953 0.071597
0 0.788561 0.934847 0.093160 0.082126
1 0.161203 0.167284 0.097877 0.075809
1 0.156486 0.332589 0.107311 0.065280
1 0.155896 0.505264 0.103774 0.082126
1 0.152358 0.676887 0.096698 0.075809
1 0.253774 0.675834 0.101415 0.077914
1 0.254953 0.592655 0.106132 0.075809
1 0.480189 0.255728 0.099057 0.075809
1 0.483137 0.333642 0.093160 0.080020
1 0.481368 0.417874 0.096698 0.080020
1 0.481368 0.597919 0.094340 0.073703
1 0.483726 0.783229 0.099057 0.124242
1 0.483137 0.912736 0.097877 0.126348
1 0.581604 0.777965 0.094340 0.126348
1 0.581014 0.678993 0.090802 0.080020
1 0.580425 0.506317 0.099057 0.088443
1 0.580425 0.415768 0.094340 0.075809
1 0.581604 0.336801 0.101415 0.082126
1 0.889387 0.070418 0.089623 0.092655
1 0.888208 0.419980 0.094340 0.067385
1 0.792689 0.500000 0.094340 0.075809
1 0.890566 0.587390 0.101415 0.082126
1 0.791509 0.681098 0.094340 0.084232
1 0.793868 0.766383 0.101415 0.082126
1 0.790330 0.849562 0.099057 0.084232