0 0.351366 0.273148 0.115430 0.294444
0 0.345666 0.614815 0.109729 0.292593
0 0.462521 0.618519 0.112580 0.303704
0 0.692668 0.274074 0.116855 0.296296
1 0.233087 0.267593 0.118280 0.294444
1 0.230949 0.614815 0.116855 0.292593
1 0.464659 0.283333 0.111155 0.307407
1 0.578663 0.278704 0.111155 0.312963
1 0.808097 0.277778 0.114005 0.303704
1 0.928515 0.277778 0.115430 0.311111
1 0.922815 0.618519 0.112580 0.296296
1 0.805247 0.620370 0.108304 0.300000
1 0.691243 0.614815 0.114005 0.292593
1 0.575101 0.618519 0.109729 0.303704